((("count" .
   [1 0 0 0 0])
  ("test_" .
   [3 0 0 0 1])
  ("def" .
   [3 0 0])
  ("Math/pow" .
   [1 0 0 0 0 0 0 0])
  ("osc" .
   [1 0 0])
  ("square" .
   [0 0 1 0 0 0])
  ("overtone.live" .
   [0 0 0 0 0 0 0 0 0 0 1 0 0])
  ("overtone.api" .
   [0 0 0 0 0 0 0 0 1 0 0 0])
  ("user" .
   [1 0 0 0])
  ("activities" .
   [1 0 0 0 1 0 0 0 0 0])
  ("take" .
   [2 0 0 0])
  ("inc" .
   [3 0 0])
  ("iterate" .
   [1 0 0 0 0 0 0])
  ("while" .
   [1 0 0 0 0])
  (":while" .
   [1 0 0 0 0 0])
  ("map" .
   [2 0 0])
  ("fn" .
   [2 0])
  ("reduce" .
   [1 0 0 0 0 0])
  ("get" .
   [4 0 0])
  ("nth" .
   [2 0 0])
  ("take-nth" .
   [1 0 0 0 2 0 0 0])
  ("type" .
   [1 0 0 0])
  ("list" .
   [1 0 0 0])
  ("get-in" .
   [0 0 0 0 1 0])
  ("first" .
   [1 0 0 0 0])
  ("take-while" .
   [0 0 0 0 1 0 0 0 0 0])
  ("vector" .
   [1 0 0 0 0 0])
  ("new-board" .
   [0 0 0 0 0 1 0 0 0])
  ("m" .
   [1])
  ("sin-osc" .
   [2 0 0 0 1 0 0])
  (":step" .
   [2 0 0 0 0])
  ("demo" .
   [2 0 0 0])
  (":freq" .
   [2 0 0 0 0])
  ("env-gen" .
   [4 0 0 0 0 0 0])
  ("env" .
   [2 0 0])
  (":action" .
   [1 0 0 0 0 0 0])
  ("FREE" .
   [1 0 0 0])
  ("envelope" .
   [4 0 0 0 0 0 0 0])
  (":lin" .
   [2 0 0 0])
  ("env-cutoff" .
   [0 0 0 1 0 0 0 0 0 0])
  ("do" .
   [1 0])
  ("gh" .
   [1 0])
  ("doc" .
   [2 0 0])
  ("0.5" .
   [2 0 0])
  ("-99" .
   [2 0 0])))
